edge
101 p1
102 p2
103 p3
11 p4
13 p5
15 p6
17 p7
19 p8
21 p9
22 p10
23 p11
25 p12
26 p13
27 p14
35 p15
37 p16
4 p17
45 p18
46 p19
47 p20
53 p21
54 p22
57 p23
58 p24
61 p25
62 p26
63 p27
64 p28
65 p29
66 p30
67 p31
68 p32
7 p33
75 p34
76 p35
82 p36
83 p37
84 p38
85 p39
86 p40
87 p41
88 p42
9 p43
90 p44
91 p45
92 p46
93 p47
94 p48
95 p49
96 p50
97 p51
0 p52
100 p53
14 p54
18 p55
30 p56
31 p57
36 p58
51 p59
52 p60
69 p61
70 p62
72 p63
74 p64
77 p65
78 p66
79 p67
80 p68
81 p69
89 p70
99 p71
12 p72
links
24 20 10000000
24 23 10000000
24 49 10000000
24 50 10000000
24 73 10000000
24 72 10000000
24 69 10000000
25 5 10000000
26 20 10000000
27 20 10000000
20 24 10000000
20 26 10000000
20 27 10000000
20 21 10000000
20 19 10000000
20 54 10000000
20 50 10000000
20 53 10000000
20 61 10000000
20 88 10000000
20 63 10000000
20 89 10000000
20 90 10000000
20 91 10000000
20 83 10000000
20 93 10000000
20 92 10000000
20 87 10000000
21 20 10000000
22 16 10000000
23 24 10000000
28 33 10000000
28 32 10000000
28 31 2400000
28 30 2400000
28 29 10000000
28 34 10000000
29 33 2400000
29 28 10000000
29 36 10000000
0 1 2400000
0 2 2400000
4 3 10000000
8 60 10000000
8 59 2400000
8 7 10000000
59 10 10000000
59 12 10000000
59 60 10000000
59 71 10000000
59 70 2400000
59 8 2400000
58 55 10000000
55 57 10000000
55 56 10000000
55 42 2400000
55 58 10000000
54 20 10000000
57 55 10000000
56 55 10000000
56 34 10000000
56 16 10000000
51 48 2400000
51 49 10000000
50 24 10000000
50 20 10000000
50 48 10000000
50 33 10000000
50 44 10000000
50 72 2400000
50 69 2400000
50 94 10000000
53 20 10000000
52 48 10000000
52 49 2400000
88 20 10000000
89 103 10000000
89 20 10000000
82 42 10000000
83 20 10000000
80 1 2400000
80 2 2400000
81 1 2400000
81 2 2400000
86 16 10000000
87 20 10000000
84 32 10000000
85 6 10000000
3 5 10000000
3 4 10000000
3 6 2400000
7 8 10000000
102 32 10000000
103 89 10000000
100 98 10000000
100 71 2400000
101 16 10000000
39 32 2400000
39 44 10000000
39 38 2400000
39 41 2400000
38 39 2400000
38 16 2400000
38 32 10000000
38 44 2400000
38 42 2400000
38 43 2400000
38 40 2400000
38 41 2400000
33 31 10000000
33 30 10000000
33 28 10000000
33 50 10000000
33 36 10000000
33 34 10000000
33 29 2400000
32 39 2400000
32 38 10000000
32 16 10000000
32 42 10000000
32 44 10000000
32 28 10000000
32 43 2400000
32 40 2400000
32 41 10000000
32 73 10000000
32 71 10000000
32 102 10000000
32 84 10000000
31 33 10000000
31 28 2400000
30 33 10000000
30 28 2400000
37 5 10000000
36 33 10000000
36 29 10000000
35 5 10000000
34 33 10000000
34 56 10000000
34 28 10000000
60 10 10000000
60 12 10000000
60 59 10000000
60 70 10000000
60 98 10000000
60 6 10000000
60 8 10000000
61 20 10000000
62 16 10000000
63 20 10000000
64 10 10000000
65 16 10000000
66 5 10000000
67 5 10000000
68 42 10000000
69 24 10000000
69 50 2400000
2 76 10000000
2 49 10000000
2 18 2400000
2 77 10000000
2 0 2400000
2 80 2400000
2 81 2400000
2 79 2400000
2 78 2400000
6 60 10000000
6 3 2400000
6 96 10000000
6 85 10000000
99 98 10000000
99 71 2400000
98 60 10000000
98 14 10000000
98 99 10000000
98 5 10000000
98 71 10000000
98 73 10000000
98 100 10000000
91 20 10000000
90 20 10000000
93 20 10000000
92 20 10000000
95 5 10000000
94 50 10000000
97 10 10000000
96 6 10000000
11 12 10000000
10 9 10000000
10 59 10000000
10 60 10000000
10 64 10000000
10 97 10000000
13 14 10000000
12 11 10000000
12 60 10000000
12 59 10000000
15 16 10000000
14 98 10000000
14 13 10000000
17 5 10000000
16 38 2400000
16 15 10000000
16 22 10000000
16 32 10000000
16 56 10000000
16 41 2400000
16 62 10000000
16 65 10000000
16 101 10000000
16 86 10000000
19 20 10000000
18 1 2400000
18 2 2400000
48 1 10000000
48 52 10000000
48 51 2400000
48 50 10000000
48 49 10000000
49 24 10000000
49 48 10000000
49 51 10000000
49 52 2400000
49 2 10000000
49 74 10000000
46 5 10000000
47 5 10000000
44 39 10000000
44 38 2400000
44 32 10000000
44 43 2400000
44 40 10000000
44 50 10000000
44 73 10000000
44 41 2400000
45 5 10000000
42 38 2400000
42 55 2400000
42 32 10000000
42 41 2400000
42 68 10000000
42 82 10000000
43 32 2400000
43 44 2400000
43 38 2400000
43 41 2400000
40 32 2400000
40 44 10000000
40 38 2400000
40 41 2400000
41 39 2400000
41 38 2400000
41 16 2400000
41 32 10000000
41 44 2400000
41 42 2400000
41 43 2400000
41 40 2400000
1 48 10000000
1 18 2400000
1 77 2400000
1 0 2400000
1 80 2400000
1 81 2400000
1 79 2400000
1 78 2400000
5 25 10000000
5 17 10000000
5 46 10000000
5 47 10000000
5 45 10000000
5 37 10000000
5 35 10000000
5 98 10000000
5 3 10000000
5 66 10000000
5 67 10000000
5 95 10000000
9 10 10000000
77 1 2400000
77 2 10000000
76 2 10000000
75 74 10000000
74 75 10000000
74 49 10000000
73 24 10000000
73 32 10000000
73 44 10000000
73 98 10000000
72 24 10000000
72 50 2400000
71 99 2400000
71 32 10000000
71 100 2400000
71 59 10000000
71 98 10000000
70 60 10000000
70 59 2400000
79 1 2400000
79 2 2400000
78 1 2400000
78 2 2400000
