edges 
31 8 
32 8 
33 8 
34 8
36 8
38 8
304 9
310 9
311 9
320 9
330 9
340 9
350 9
360 9
370 9
380 9
390 9
79 9
306 9
341 9
667 9
1 1
2 1
links
1 201 10000
1 202 10000
1 2 10000
2 201 10000
2 202 10000
201 202 10000
31 201 10000 
32 201 10000 
33 201 10000 
34 201 10000
36 201 10000
38 201 10000
304 201 10000
310 201 10000
311 201 10000
320 201 10000
330 201 10000
340 201 10000
350 201 10000
360 201 10000
370 201 10000
380 201 10000
390 201 10000
79 201 10000
306 201 10000
341 201 10000
667 201 10000
31 202 10000 
32 202 10000 
33 202 10000 
34 202 10000
36 202 10000
38 202 10000
304 202 10000
310 202 10000
311 202 10000
320 202 10000
330 202 10000
340 202 10000
350 202 10000
360 202 10000
370 202 10000
380 202 10000
390 202 10000
79 202 10000
306 202 10000
341 202 10000
667 202 10000
