edges
2 p1 p2
5 p3 p4
6 p5 p6
7 p7 p8
8 p9 p10
10 p11 p12
11 p13 p14
12 p15 p16
13 p17 p18
15 p19 p20
17 p21 p22
19 p23 p24
20 p25 p26
21 p27 p28
22 p29 p30
24 p31 p32
25 p33 p34
26 p35 p36
27 p37 p38
28 p39 p40
29 p41 p42
30 p43 p44
31 p45 p46
32 p47 p48
33 p49 p50
34 p51 p52
35 p53 p54
36 p55 p56
37 p57 p58
38 p59 p60
39 p61 p62
40 p63 p64
41 p65 p66
42 p67 p68
44 p69 p70
47 p71 p72
52 p73 p74
53 p75 p76
54 p77 p78
55 p79 p80
56 p81 p82
57 p83 p84
58 p85 p86
60 p87 p88
62 p89 p90
63 p91 p92
64 p93 p94
65 p95 p96
66 p97 p98
67 p99 p100
68 p101 p102
69 p103 p104
70 p105 p106
71 p107 p108
74 p109 p110
76 p111 p112
77 p113 p114
78 p115 p116
79 p117 p118
80 p119 p120
81 p121 p122
82 p123 p124
83 p125 p126
84 p127 p128
87 p129 p130
88 p131 p132
89 p133 p134
90 p135 p136
91 p137 p138
92 p139 p140
93 p141 p142
94 p143 p144
95 p145 p146
96 p147 p148
97 p149 p150
98 p151 p152
100 p153 p154
101 p155 p156
links
80 4 2000
64 0 2000
86 87 2000
87 86 2000
90 0 2000
3 52 2000
16 28 2000
86 73 10000
44 4 2000
9 62 10000
62 9 10000
0 10 2000
73 82 20000
15 14 2000
81 4 2000
3 69 2000
88 73 10000
73 88 10000
9 0 10000
3 29 2000
0 84 2000
16 3 12000
58 0 2000
16 32 2000
19 3 2000
68 3 2000
67 29 1000
97 0 2000
0 4 12000
71 3 2000
3 2 2000
0 58 2000
78 4 2000
9 3 10000
6 0 2000
16 0 12000
14 15 2000
30 16 2000
45 51 10000
35 16 2000
42 0 1000
49 48 20000
4 80 2000
41 90 2000
16 38 2000
4 73 10000
94 0 2000
16 41 2000
99 100 2000
61 63 10000
75 72 10000
0 42 1000
79 4 2000
0 93 2000
89 73 20000
13 0 2000
20 16 2000
3 56 1000
99 98 1000
0 64 2000
40 16 2000
37 16 2000
42 16 1000
16 35 2000
73 3 10000
73 86 10000
3 11 2000
75 0 11000
56 3 1000
3 73 10000
77 61 1000
0 94 2000
63 61 10000
87 73 20000
60 4 2000
0 90 2000
63 9 10000
3 55 2000
50 46 20000
0 77 2000
41 16 2000
27 16 2000
9 61 10000
32 16 2000
39 16 2000
4 67 2000
0 62 10000
0 99 2000
4 0 12000
3 68 2000
77 0 2000
9 7 10000
91 0 2000
0 83 2000
67 77 1000
96 0 2000
0 74 2000
73 4 10000
74 0 2000
25 3 2000
3 5 2000
34 16 2000
8 3 1000
0 96 2000
85 86 10000
4 65 2000
46 50 20000
11 3 2000
84 0 2000
4 44 2000
16 20 2000
4 79 2000
16 39 2000
16 42 1000
95 73 10000
73 95 10000
28 29 1000
8 0 1000
3 66 2000
53 3 2000
85 73 10000
98 99 1000
4 22 2000
100 98 1000
0 8 1000
99 101 1000
101 99 1000
16 17 1000
72 3 10000
4 60 2000
16 36 2000
88 85 2000
45 4 10000
26 3 2000
3 72 10000
76 4 2000
82 73 20000
29 3 2000
3 16 12000
10 0 2000
0 92 2000
98 100 1000
86 85 10000
3 51 10000
52 45 2000
0 91 2000
92 0 2000
62 0 10000
16 30 2000
72 75 10000
4 24 2000
93 0 2000
4 78 2000
16 33 2000
22 4 2000
3 9 10000
2 3 2000
51 3 10000
0 100 2000
24 4 2000
3 71 2000
3 26 2000
5 3 2000
12 0 2000
31 16 2000
3 53 2000
0 6 2000
16 27 2000
61 77 1000
9 63 10000
0 9 10000
66 3 2000
3 4 12000
85 88 2000
100 0 2000
0 97 2000
29 28 1000
3 25 2000
0 47 2000
0 14 2000
73 85 10000
65 4 2000
3 43 10000
43 3 10000
4 45 10000
0 16 12000
16 21 2000
14 0 2000
21 16 2000
17 16 1000
38 16 2000
69 3 2000
43 16 10000
70 3 2000
16 43 10000
52 3 2000
77 67 1000
0 57 2000
99 0 2000
4 81 2000
73 89 20000
55 3 2000
100 99 2000
45 52 2000
67 4 2000
0 75 1000
0 54 2000
16 37 2000
4 3 12000
28 16 2000
61 9 10000
33 16 2000
16 40 2000
47 0 2000
57 0 2000
36 16 2000
3 19 2000
51 45 10000
83 0 2000
0 12 2000
7 9 20000
48 49 20000
16 31 2000
0 13 2000
16 34 2000
90 41 2000
73 87 20000
3 8 1000
4 76 2000
3 70 2000
29 67 1000
54 0 2000
